# Blender v3.1.2 OBJ File: 'Witch_Tree.blend'
# www.blender.org
mtllib Witch_CampfireWood.mtl
o Cube.014
v 0.822925 -0.276198 1.573869
v 0.522832 0.549337 -0.222916
v 0.374459 -0.124759 1.718349
v 0.074365 0.700776 -0.078435
v 0.627237 -0.700776 1.411479
v 0.327144 0.124759 -0.385305
v 0.178770 -0.549337 1.555960
v -0.121323 0.276198 -0.240825
v -1.307207 -0.224583 1.310656
v -0.027252 0.786280 0.153128
v -1.537927 -0.394506 0.907141
v -0.257972 0.616356 -0.250388
v -1.004912 -0.616356 1.302791
v 0.275043 0.394506 0.145262
v -1.235632 -0.786280 0.899275
v 0.044323 0.224583 -0.258253
v -1.098639 -0.773714 -1.350663
v 0.091804 0.153697 -0.038126
v -1.464291 -0.458484 -1.241760
v -0.273847 0.468927 0.070777
v -0.942263 -0.468927 -1.707849
v 0.248181 0.458484 -0.395312
v -1.307914 -0.153697 -1.598946
v -0.117471 0.773714 -0.286409
v 1.896998 -0.126439 -1.175511
v 0.332627 0.404159 -0.048032
v 1.686003 -0.565775 -1.261512
v 0.121632 -0.035176 -0.134033
v 1.672143 0.059776 -1.575130
v 0.107772 0.590374 -0.447651
v 1.461148 -0.379560 -1.661131
v -0.103223 0.151039 -0.533651
v 1.997441 0.197642 0.353401
v 0.187495 0.831924 -0.213856
v 1.792213 -0.053923 0.726934
v -0.017733 0.580359 0.159676
v 1.950330 -0.198604 0.060655
v 0.140384 0.435679 -0.506603
v 1.745101 -0.450169 0.434188
v -0.064845 0.184113 -0.133070
vt 0.375000 0.000000
vt 0.625000 0.000000
vt 0.625000 0.250000
vt 0.375000 0.250000
vt 0.625000 0.500000
vt 0.375000 0.500000
vt 0.625000 0.750000
vt 0.375000 0.750000
vt 0.625000 1.000000
vt 0.375000 1.000000
vt 0.125000 0.500000
vt 0.125000 0.750000
vt 0.875000 0.500000
vt 0.875000 0.750000
vt 0.375000 0.000000
vt 0.625000 0.000000
vt 0.625000 0.250000
vt 0.375000 0.250000
vt 0.625000 0.500000
vt 0.375000 0.500000
vt 0.625000 0.750000
vt 0.375000 0.750000
vt 0.625000 1.000000
vt 0.375000 1.000000
vt 0.125000 0.500000
vt 0.125000 0.750000
vt 0.875000 0.500000
vt 0.875000 0.750000
vt 0.375000 0.000000
vt 0.625000 0.000000
vt 0.625000 0.250000
vt 0.375000 0.250000
vt 0.625000 0.500000
vt 0.375000 0.500000
vt 0.625000 0.750000
vt 0.375000 0.750000
vt 0.625000 1.000000
vt 0.375000 1.000000
vt 0.125000 0.500000
vt 0.125000 0.750000
vt 0.875000 0.500000
vt 0.875000 0.750000
vt 0.375000 0.000000
vt 0.625000 0.000000
vt 0.625000 0.250000
vt 0.375000 0.250000
vt 0.625000 0.500000
vt 0.375000 0.500000
vt 0.625000 0.750000
vt 0.375000 0.750000
vt 0.625000 1.000000
vt 0.375000 1.000000
vt 0.125000 0.500000
vt 0.125000 0.750000
vt 0.875000 0.500000
vt 0.875000 0.750000
vt 0.375000 0.000000
vt 0.625000 0.000000
vt 0.625000 0.250000
vt 0.375000 0.250000
vt 0.625000 0.500000
vt 0.375000 0.500000
vt 0.625000 0.750000
vt 0.375000 0.750000
vt 0.625000 1.000000
vt 0.375000 1.000000
vt 0.125000 0.500000
vt 0.125000 0.750000
vt 0.875000 0.500000
vt 0.875000 0.750000
vn 0.3954 0.8579 0.3281
vn -0.9062 0.3060 0.2919
vn -0.3954 -0.8579 -0.3281
vn 0.9062 -0.3060 -0.2919
vn 0.1500 -0.4128 0.8984
vn -0.1500 0.4128 -0.8984
vn -0.6108 0.7916 0.0159
vn -0.4662 -0.3433 -0.8153
vn 0.6108 -0.7916 -0.0159
vn 0.4662 0.3433 0.8153
vn -0.6400 -0.5054 0.5788
vn 0.6400 0.5054 -0.5788
vn -0.3160 -0.6159 0.7217
vn -0.7388 0.6370 0.2200
vn 0.3160 0.6159 -0.7217
vn 0.7388 -0.6370 -0.2200
vn -0.5952 -0.4637 -0.6563
vn 0.5952 0.4637 0.6563
vn 0.4543 -0.3763 0.8075
vn -0.4263 -0.8877 -0.1738
vn -0.4543 0.3763 -0.8075
vn 0.4263 0.8877 0.1738
vn 0.7822 -0.2653 -0.5637
vn -0.7822 0.2653 0.5637
vn 0.0952 0.8007 0.5915
vn -0.4147 -0.5083 0.7548
vn -0.0952 -0.8007 -0.5915
vn 0.4147 0.5083 -0.7548
vn 0.9050 -0.3171 0.2836
vn -0.9050 0.3171 -0.2836
usemtl None
s off
f 1/1/1 2/2/1 4/3/1 3/4/1
f 3/4/2 4/3/2 8/5/2 7/6/2
f 7/6/3 8/5/3 6/7/3 5/8/3
f 5/8/4 6/7/4 2/9/4 1/10/4
f 3/11/5 7/6/5 5/8/5 1/12/5
f 8/5/6 4/13/6 2/14/6 6/7/6
f 9/15/7 10/16/7 12/17/7 11/18/7
f 11/18/8 12/17/8 16/19/8 15/20/8
f 15/20/9 16/19/9 14/21/9 13/22/9
f 13/22/10 14/21/10 10/23/10 9/24/10
f 11/25/11 15/20/11 13/22/11 9/26/11
f 16/19/12 12/27/12 10/28/12 14/21/12
f 17/29/13 18/30/13 20/31/13 19/32/13
f 19/32/14 20/31/14 24/33/14 23/34/14
f 23/34/15 24/33/15 22/35/15 21/36/15
f 21/36/16 22/35/16 18/37/16 17/38/16
f 19/39/17 23/34/17 21/36/17 17/40/17
f 24/33/18 20/41/18 18/42/18 22/35/18
f 25/43/19 26/44/19 28/45/19 27/46/19
f 27/46/20 28/45/20 32/47/20 31/48/20
f 31/48/21 32/47/21 30/49/21 29/50/21
f 29/50/22 30/49/22 26/51/22 25/52/22
f 27/53/23 31/48/23 29/50/23 25/54/23
f 32/47/24 28/55/24 26/56/24 30/49/24
f 33/57/25 34/58/25 36/59/25 35/60/25
f 35/60/26 36/59/26 40/61/26 39/62/26
f 39/62/27 40/61/27 38/63/27 37/64/27
f 37/64/28 38/63/28 34/65/28 33/66/28
f 35/67/29 39/62/29 37/64/29 33/68/29
f 40/61/30 36/69/30 34/70/30 38/63/30
